1010 0111100000000000 
1011 0011 000000101001
1100 0011 000000101110
1101 0011 000000110011
1110 0011 000000111000
1111 1001 000000111101
10000 0111000000000100 
10001 0111000000000010 
10010 0111001000000000 
10011 0111000000000010 
10100 0111000000000001 
10101 0100 000000010011
10110 0111000100000000 
10111 0111000000000010 
11000 1000 000001000000
11001 0111000000001000 
11010 1000 000000111101
11011 1000 000000111110
11100 0111000010000000 
11101 0111000000010000 
11110 0001 000001000001
11111 0111000000000100 
100000 0111000000000010 
100001 0111001000000000 
100010 0111000000000010 
100011 0111000000000001 
100100 0100 000000100010
100101 0111000100000000 
100110 1000 000001000000
100111 1000 000000111111
101000 0111010000000000 
101001 1111100000000000 
101010 0100 000000101001
101011 1111010000000000 
101100 1000 000000111101
101101 1100 000000101001
101110 1111100000000000 
101111 0100 000000101110
110000 1111010000000000 
110001 1000 000000111110
110010 1100 000000101110
110011 1111100000000000 
110100 0100 000000110011
110101 1111010000000000 
110110 1000 000000111111
110111 1100 000000110011
111000 1111100000000000 
111001 0100 000000111000
111010 1111010000000000 
111011 1000 000001000000
111100 1100 000000111000
